1346094227
1447617542
1228946795
1233797064
1453329599
1331885620
1289471382
1339875051
1609498893
1255337314
1517241131
1408358020
1478293100
1318965360
1374514533
1204657101
1282063512
1403002344
1227040125
1227467273
1227467273
1227467273
1227467273
1227467273
1227467273
1227467273
1227467273
1227467273
1786208565
1774122909
1227467273
1227467273
1227467273
1227467273
1227467273
1227467273
1374255707
1227467273
1227467273
1227467273
1227467273
1227467273
1227467273
1227467273
1227467273
1227467273
1227467273
1227467273
1227467273
1227467273
1227467273
1227467273
1227467273
1227467273
1227467273
1227467273
1227467273
1227467273
1227467273
1227467273
1227467273
1227467273
1786208565
1774122909
1227467273
1227467273
1227467273
1227467273
1227467273
1227467273
1374255707
1227467273
1227467273
1227467273
1227467273
1227467273
1227467273
1227467273
1227467273
1227467273
1227467273
1227467273
1227467273
1227467273
1227467273
1227467273
1227467273
